1762787804.285507 0.009699 -0.004237 0.000670 -0.002912 0.999995 0.000000 0.000000
1762787804.831844 -0.017952 0.001434 0.000693 -0.002879 0.999995 0.000000 0.000000
1762787804.864669 0.008655 -0.005905 0.000675 -0.002668 0.999996 0.000000 0.000000
1762787805.099698 -0.011897 0.012827 0.000623 -0.002998 0.999995 0.000000 0.000000
1762787805.289186 0.004768 -0.000129 0.000675 -0.002955 0.999995 0.000000 0.000000
1762787805.479629 0.005762 -0.006854 0.000681 -0.002890 0.999995 0.000000 0.000000
1762787805.659199 0.005842 -0.004723 0.000609 -0.002904 0.999995 0.000000 0.000000
1762787805.830490 -0.019991 0.001971 0.000685 -0.002989 0.999995 0.000000 0.000000
1762787806.039473 -0.018475 -0.004253 0.000612 -0.002996 0.999995 0.000000 0.000000
1762787806.209492 -0.006812 0.000309 0.000686 -0.002642 0.999996 0.000000 0.000000
1762787806.399405 -0.014807 0.001465 0.000694 -0.002985 0.999995 0.000000 0.000000
1762787806.599511 -0.006505 -0.003408 0.000681 -0.002836 0.999996 0.000000 0.000000
1762787806.789138 -0.010484 -0.015660 0.000672 -0.002771 0.999996 0.000000 0.000000
1762787806.979431 -0.005906 0.009893 0.000649 -0.002961 0.999995 0.000000 0.000000
1762787807.159157 0.000725 -0.009318 0.000705 -0.002738 0.999996 0.000000 0.000000
1762787807.339565 -0.005875 0.002320 0.000722 -0.002824 0.999996 0.000000 0.000000
1762787807.519223 0.010173 -0.000213 0.000690 -0.002738 0.999996 0.000000 0.000000
1762787807.699659 0.013064 0.009282 0.000612 -0.002682 0.999996 0.000000 0.000000
1762787807.869549 -0.012814 0.009441 0.000701 -0.002889 0.999995 0.000000 0.000000
1762787808.059615 -0.020258 -0.004062 0.000681 -0.002814 0.999996 0.000000 0.000000
1762787808.219260 -0.005358 -0.009708 0.000685 -0.002728 0.999996 0.000000 0.000000
1762787808.389420 -0.013271 -0.016516 0.000690 -0.002915 0.999995 0.000000 0.000000
1762787808.559273 0.002663 -0.005979 0.000666 -0.002779 0.999996 0.000000 0.000000
1762787808.740556 -0.024339 0.007044 0.000705 -0.002795 0.999996 0.000000 0.000000
1762787808.929376 -0.020193 -0.012110 0.000671 -0.002843 0.999996 0.000000 0.000000
1762787809.089157 -0.007968 -0.001526 0.000698 -0.002866 0.999995 0.000000 0.000000
1762787809.270504 -0.011114 -0.011672 0.000653 -0.002909 0.999995 0.000000 0.000000
1762787809.459296 -0.013858 0.005744 0.000591 -0.002832 0.999996 0.000000 0.000000
1762787809.629821 0.008980 -0.004183 0.000650 -0.002675 0.999996 0.000000 0.000000
1762787809.829181 -0.012795 0.009277 0.000654 -0.002793 0.999996 0.000000 0.000000
1762787809.988993 -0.022516 -0.001793 0.000666 -0.002855 0.999996 0.000000 0.000000
1762787810.179351 -0.019215 -0.006084 0.000717 -0.002792 0.999996 0.000000 0.000000
1762787810.339591 -0.003991 -0.014716 0.000677 -0.002687 0.999996 0.000000 0.000000
1762787810.509626 -0.011193 -0.007069 0.000665 -0.002791 0.999996 0.000000 0.000000
1762787810.669286 -0.009403 -0.009211 0.000650 -0.002957 0.999995 0.000000 0.000000
1762787810.849106 -0.015650 -0.018053 0.000691 -0.002944 0.999995 0.000000 0.000000
1762787811.019619 -0.013009 -0.017630 0.000646 -0.002698 0.999996 0.000000 0.000000
1762787811.199505 -0.007913 0.013580 0.000623 -0.002877 0.999995 0.000000 0.000000
1762787811.389626 -0.012531 -0.002734 0.000691 -0.002709 0.999996 0.000000 0.000000
1762787811.559333 -0.006630 -0.008286 0.000622 -0.002816 0.999996 0.000000 0.000000
1762787811.759513 0.005729 -0.009376 0.000658 -0.002762 0.999996 0.000000 0.000000
1762787811.919487 0.003619 0.010062 0.000749 -0.003015 0.999995 0.000000 0.000000
1762787812.099637 -0.004285 0.003136 0.000691 -0.002734 0.999996 0.000000 0.000000
1762787812.269619 -0.011489 0.000737 0.000670 -0.002683 0.999996 0.000000 0.000000
1762787812.459518 -0.001347 -0.007897 0.000656 -0.002846 0.999996 0.000000 0.000000
1762787812.649513 -0.007039 -0.005078 0.000631 -0.002895 0.999995 0.000000 0.000000
1762787812.829967 -0.022061 -0.005057 0.000642 -0.002906 0.999995 0.000000 0.000000
1762787813.000532 -0.011564 -0.001584 0.000667 -0.002736 0.999996 0.000000 0.000000
1762787813.169466 0.000330 0.002750 0.000615 -0.002744 0.999996 0.000000 0.000000
1762787813.339480 0.002744 0.009461 0.000681 -0.002976 0.999995 0.000000 0.000000
1762787813.499116 -0.001852 -0.010913 0.000621 -0.002848 0.999996 0.000000 0.000000
1762787813.669286 -0.002090 0.003040 0.000702 -0.002801 0.999996 0.000000 0.000000
1762787813.839454 -0.001951 0.002957 0.000632 -0.002743 0.999996 0.000000 0.000000
1762787814.009291 0.002828 -0.009278 0.000678 -0.002811 0.999996 0.000000 0.000000
1762787814.179465 -0.011448 0.001777 0.003764 0.004968 0.999980 0.000000 0.000000
1762787814.349701 -0.004040 -0.008563 0.001551 0.017365 0.999848 0.000000 0.000000
1762787814.519298 -0.024378 -0.000586 0.000624 0.028572 0.999591 0.000000 0.000000
1762787814.699475 0.002613 -0.008776 0.000634 0.040698 0.999171 0.000000 0.000000
1762787814.859378 -0.001905 -0.004594 0.000805 0.052226 0.998635 0.000000 0.000000
1762787815.019254 -0.011819 -0.015654 0.000798 0.055534 0.998456 0.000000 0.000000
1762787815.189561 -0.009310 0.007715 0.000805 0.057749 0.998331 0.000000 0.000000
1762787815.359261 -0.005668 0.003845 0.000818 0.062121 0.998068 0.000000 0.000000
1762787815.519426 -0.026257 -0.008064 0.000822 0.067340 0.997730 0.000000 0.000000
1762787815.699474 -0.011309 0.004841 0.000775 0.075337 0.997158 0.000000 0.000000
1762787815.879512 -0.014981 -0.013327 0.000715 0.083299 0.996524 0.000000 0.000000
1762787816.049449 -0.006702 0.002848 0.000888 0.090438 0.995902 0.000000 0.000000
1762787816.219215 -0.011119 0.006012 0.000788 0.092609 0.995702 0.000000 -0.000000
1762787816.399530 -0.025424 0.001512 0.000856 0.095063 0.995471 0.000000 -0.000000
1762787816.569196 -0.009224 -0.003828 0.000813 0.097972 0.995189 0.000000 -0.000000
1762787816.739335 -0.009703 -0.008372 0.000820 0.100812 0.994905 0.000000 0.000000
1762787816.909143 -0.012166 0.008978 0.000669 0.100648 0.994922 0.000000 -0.000000
1762787817.089159 -0.011942 0.011130 0.000759 0.098236 0.995163 0.000000 -0.000000
1762787817.269790 -0.025060 0.010175 0.000903 0.096007 0.995380 0.000000 -0.000000
1762787817.459479 -0.018112 -0.001235 0.001076 0.092618 0.995701 0.000000 -0.000000
1762787817.629539 -0.000125 -0.006191 0.001148 0.091078 0.995843 0.000000 -0.000000
1762787817.799159 -0.014072 0.008106 0.001031 0.090515 0.995894 0.000000 -0.000000
1762787817.969432 -0.028200 0.012006 0.001145 0.089482 0.995988 0.000000 -0.000000
1762787818.139127 -0.034767 0.002742 0.001154 0.089070 0.996025 0.000000 -0.000000
1762787818.309509 -0.028985 0.002293 0.001276 0.089726 0.995966 0.000000 -0.000000
1762787818.479427 -0.022729 0.004677 0.001333 0.089014 0.996029 0.000000 -0.000000
1762787818.639666 -0.018179 0.004426 0.001313 0.088210 0.996101 0.000000 -0.000000
1762787818.799782 -0.017315 0.004500 0.001272 0.088067 0.996114 0.000000 -0.000000
1762787818.979489 -0.008323 -0.004771 0.001330 0.088711 0.996056 0.000000 -0.000000
1762787819.149698 -0.031207 0.001017 0.001401 0.087497 0.996164 0.000000 -0.000000
1762787819.319510 -0.007179 0.009955 0.001281 0.082176 0.996617 0.000000 -0.000000
1762787819.489424 -0.018281 0.015462 0.001475 0.048158 0.998839 0.000000 -0.000000
1762787819.660098 -0.026676 0.004963 0.001634 0.008575 0.999962 0.000000 -0.000000
1762787819.851610 -0.027584 -0.011726 0.001709 -0.026311 0.999652 0.000000 -0.000000
1762787820.019496 -0.000410 0.005806 0.001849 -0.074180 0.997243 0.000000 -0.000000
1762787820.189878 -0.019842 -0.012626 0.002001 -0.119956 0.992777 0.000000 0.000000
1762787820.369145 -0.007799 -0.023654 0.002186 -0.163073 0.986612 0.000000 0.000000
1762787820.539282 -0.021453 0.008275 0.002291 -0.202133 0.979355 0.000000 0.000000
1762787820.709561 -0.001928 0.008016 0.002351 -0.237582 0.971365 0.000000 0.000000
1762787820.879439 -0.022353 -0.004864 0.002298 -0.258997 0.965875 0.000000 0.000000
1762787821.050160 -0.024022 -0.000953 0.002416 -0.267765 0.963481 0.000000 0.000000
1762787821.219161 -0.044073 0.001408 0.002491 -0.284302 0.958732 0.000000 0.000000
1762787821.389282 -0.025139 -0.000395 0.002427 -0.310291 0.950639 0.000000 0.000000
1762787821.559311 -0.055017 0.008580 0.002215 -0.339350 0.940658 0.000000 0.000000
1762787821.729244 -0.006942 0.007745 0.002254 -0.362022 0.932167 0.000000 0.000000
1762787821.909515 -0.041572 -0.014243 0.002194 -0.382963 0.923761 0.000000 0.000000
1762787822.089555 -0.030049 -0.017134 0.002261 -0.400284 0.916388 0.000000 0.000000
1762787822.249332 -0.014398 0.000221 0.002289 -0.418116 0.908391 0.000000 0.000000
1762787822.419460 -0.033913 0.004711 0.002240 -0.428355 0.903608 0.000000 0.000000
1762787822.599941 -0.041198 0.005646 0.002205 -0.436348 0.899775 0.000000 0.000000
1762787822.759428 -0.012466 -0.016063 0.002190 -0.444910 0.895572 0.000000 0.000000
1762787822.929618 -0.020785 0.005712 0.002263 -0.447975 0.894043 0.000000 0.000000
1762787823.099835 -0.016049 0.007740 0.002413 -0.450095 0.892977 0.000000 0.000000
1762787823.289429 -0.023909 0.010590 0.002334 -0.451744 0.892144 0.000000 0.000000
1762787823.459556 -0.034100 -0.000969 0.002385 -0.456706 0.889614 0.000000 0.000000
1762787823.629743 -0.007801 -0.000743 0.002525 -0.445288 0.895384 0.000000 0.000000
1762787823.799497 -0.028224 0.000832 0.002725 -0.409025 0.912519 0.000000 0.000000
1762787823.970486 -0.030873 -0.023045 0.002719 -0.371920 0.928261 0.000000 0.000000
1762787824.149621 -0.003750 0.002322 0.002748 -0.339197 0.940711 0.000000 0.000000
1762787824.319490 -0.019996 -0.004244 0.002945 -0.308909 0.951087 0.000000 0.000000
1762787824.490441 -0.014498 0.017193 0.003021 -0.283630 0.958929 0.000000 0.000000
1762787824.659505 -0.012406 -0.017363 0.003734 -0.257072 0.966385 0.000000 0.000000
1762787824.839244 -0.001620 0.018681 0.003656 -0.239260 0.970949 0.000000 0.000000
1762787825.009553 -0.008264 0.012178 0.003861 -0.218897 0.975740 0.000000 0.000000
1762787825.189574 -0.024102 0.003435 0.004095 -0.196555 0.980484 0.000000 0.000000
1762787825.359651 -0.014944 0.010858 0.003146 -0.173096 0.984900 0.000000 -0.000000
1762787825.529185 -0.019772 0.008593 0.003422 -0.160747 0.986990 0.000000 -0.000000
1762787825.709163 -0.029188 0.001281 0.003512 -0.142068 0.989851 0.000000 -0.000000
1762787825.879542 -0.010810 0.002957 0.003839 -0.129385 0.991587 0.000000 -0.000000
1762787826.060579 0.001035 0.018265 0.003560 -0.115446 0.993307 0.000000 -0.000000
1762787826.249731 -0.000748 0.006127 0.003285 -0.107888 0.994158 0.000000 -0.000000
1762787826.419001 -0.009883 0.008674 0.003141 -0.106779 0.994278 0.000000 -0.000000
1762787826.589490 -0.010491 -0.001804 0.003179 -0.105387 0.994426 0.000000 -0.000000
1762787826.759344 -0.027102 -0.007868 0.003029 -0.097682 0.995213 0.000000 0.000000
1762787826.939749 -0.024458 0.006004 0.002782 -0.090559 0.995887 0.000000 -0.000000
1762787827.119637 -0.019629 0.008910 0.002904 -0.085652 0.996321 0.000000 -0.000000
1762787827.289585 -0.010747 -0.012468 0.002742 -0.078037 0.996947 0.000000 -0.000000
1762787827.469483 -0.003564 0.006488 0.002638 -0.070573 0.997503 0.000000 -0.000000
1762787827.649194 -0.012578 -0.019681 0.002592 -0.063493 0.997979 0.000000 -0.000000
1762787827.819543 -0.032202 0.011483 0.002958 -0.055238 0.998469 0.000000 -0.000000
1762787827.989373 -0.021427 -0.012434 0.002892 -0.048871 0.998801 0.000000 -0.000000
1762787828.159406 -0.023215 -0.028663 0.002802 -0.046202 0.998928 0.000000 -0.000000
1762787828.329462 0.007267 -0.005101 0.002868 -0.045713 0.998950 0.000000 -0.000000
1762787828.509460 -0.004834 0.012185 0.002688 -0.047609 0.998862 0.000000 -0.000000
1762787828.679210 -0.011381 -0.012060 0.002742 -0.046111 0.998933 0.000000 -0.000000
1762787828.849520 -0.015691 0.012287 0.002753 -0.047188 0.998882 0.000000 -0.000000
1762787829.030905 -0.005535 0.012771 0.002832 -0.047911 0.998848 0.000000 -0.000000
1762787829.219560 -0.014820 0.009226 0.002811 -0.046251 0.998926 0.000000 -0.000000
1762787829.399495 -0.019021 -0.019537 0.002842 -0.046095 0.998933 0.000000 -0.000000
1762787829.559481 -0.014888 0.016259 0.002601 -0.047785 0.998854 0.000000 -0.000000
1762787829.729409 -0.006278 0.003420 0.002769 -0.046887 0.998896 0.000000 -0.000000
1762787829.889336 -0.016429 -0.023569 0.002558 -0.048454 0.998822 0.000000 -0.000000
1762787830.069138 -0.028299 -0.004115 0.002605 -0.047110 0.998886 0.000000 -0.000000
1762787830.229163 -0.018190 0.003894 0.002609 -0.045825 0.998946 0.000000 -0.000000
1762787830.421724 -0.019561 0.007037 0.002440 -0.045330 0.998969 0.000000 -0.000000
1762787830.599408 -0.015635 -0.013694 0.002147 -0.044460 0.999009 0.000000 -0.000000
1762787830.769277 -0.025275 0.000802 0.002159 -0.044011 0.999029 0.000000 -0.000000
1762787830.949242 -0.016780 -0.015553 0.002063 -0.051038 0.998695 0.000000 -0.000000
1762787831.109424 -0.013180 0.005714 0.002012 -0.054198 0.998528 0.000000 -0.000000
1762787831.279483 -0.010850 -0.007544 0.001763 -0.061615 0.998098 0.000000 -0.000000
1762787831.459366 -0.008788 -0.020244 0.001529 -0.064812 0.997896 0.000000 -0.000000
1762787831.629695 -0.024919 -0.006419 0.001455 -0.071860 0.997414 0.000000 -0.000000
1762787831.799052 -0.015594 -0.006921 0.001346 -0.074542 0.997217 0.000000 -0.000000
1762787831.969175 -0.028152 0.008908 0.001314 -0.076599 0.997061 0.000000 -0.000000
1762787832.149185 -0.036863 -0.005724 0.001329 -0.078511 0.996912 0.000000 -0.000000
1762787832.319279 -0.033459 -0.008458 0.001125 -0.081630 0.996662 0.000000 -0.000000
1762787832.499521 -0.016775 0.003275 0.001128 -0.082366 0.996601 0.000000 -0.000000
1762787832.659494 -0.028649 -0.001133 0.000834 -0.081954 0.996636 0.000000 -0.000000
1762787832.839989 -0.012012 0.007405 0.000923 -0.085112 0.996371 0.000000 -0.000000
1762787833.010671 -0.013326 0.000751 0.000892 -0.087490 0.996165 0.000000 -0.000000
1762787833.189266 -0.040290 -0.009480 0.000887 -0.087544 0.996160 0.000000 -0.000000
1762787833.360514 -0.028806 0.005181 0.000807 -0.087303 0.996181 0.000000 -0.000000
1762787833.529357 -0.019405 0.016633 0.000698 -0.094714 0.995504 0.000000 -0.000000
1762787833.709589 -0.022377 0.008448 0.000540 -0.098342 0.995152 0.000000 -0.000000
1762787833.869425 -0.001911 -0.006126 0.000461 -0.098122 0.995174 0.000000 -0.000000
1762787834.049665 -0.019132 0.009256 0.000311 -0.105053 0.994467 0.000000 -0.000000
1762787834.229425 -0.053286 0.000918 0.000203 -0.104546 0.994520 0.000000 -0.000000
1762787834.409884 -0.040071 -0.001035 0.000089 -0.104249 0.994551 0.000000 -0.000000
1762787834.589382 -0.040405 0.008361 0.000046 -0.104343 0.994541 0.000000 -0.000000
1762787834.749330 -0.011512 0.013666 -0.000000 -0.104896 0.994483 0.000000 -0.000000
1762787834.929732 -0.027149 0.012777 0.000012 -0.104842 0.994489 0.000000 -0.000000
1762787835.099477 -0.012050 -0.004759 -0.000051 -0.104748 0.994499 0.000000 -0.000000
1762787835.270364 -0.008671 0.008787 0.000005 -0.105017 0.994470 0.000000 -0.000000
1762787835.439434 -0.013744 -0.015446 -0.000059 -0.105025 0.994470 0.000000 -0.000000
1762787835.619373 -0.018856 0.001226 -0.000081 -0.105346 0.994436 0.000000 -0.000000
1762787835.789663 -0.027459 -0.003487 -0.000040 -0.104931 0.994479 0.000000 -0.000000
1762787835.959363 -0.021663 -0.008217 -0.000105 -0.104284 0.994548 0.000000 -0.000000
1762787836.119416 -0.020444 -0.033012 -0.000092 -0.104938 0.994479 0.000000 -0.000000
1762787836.289381 -0.033584 0.006956 -0.000101 -0.105167 0.994455 0.000000 -0.000000
1762787836.449364 -0.017282 -0.011386 -0.000100 -0.104652 0.994509 0.000000 -0.000000
1762787836.619765 -0.022022 0.006022 -0.000094 -0.104630 0.994511 0.000000 -0.000000
1762787836.809862 -0.014884 0.004758 -0.000151 -0.104984 0.994474 0.000000 -0.000000
1762787836.989779 -0.030167 -0.007181 -0.000158 -0.104847 0.994488 0.000000 -0.000000
1762787837.149482 -0.017198 -0.003226 -0.000158 -0.104944 0.994478 0.000000 -0.000000
1762787837.329434 -0.037897 -0.004782 -0.000092 -0.104021 0.994575 0.000000 -0.000000
1762787837.509937 -0.048275 -0.001793 -0.000170 -0.104649 0.994509 0.000000 -0.000000
1762787837.689219 -0.022692 0.013961 -0.000192 -0.104794 0.994494 0.000000 -0.000000
1762787837.869618 -0.020229 0.000910 -0.000112 -0.103955 0.994582 0.000000 -0.000000
1762787838.039313 -0.024110 -0.004355 -0.000191 -0.104968 0.994476 0.000000 -0.000000
1762787838.199339 -0.023265 -0.001217 -0.000158 -0.104329 0.994543 0.000000 -0.000000
1762787838.369031 -0.029883 0.006124 -0.000203 -0.104980 0.994474 0.000000 -0.000000
1762787838.529387 -0.031156 -0.003203 -0.000204 -0.104713 0.994502 0.000000 -0.000000
1762787838.711794 -0.026491 -0.002812 -0.000203 -0.105353 0.994435 0.000000 -0.000000
1762787838.889433 -0.032886 -0.015904 -0.000155 -0.104734 0.994500 0.000000 -0.000000
1762787839.059284 -0.018736 0.005201 -0.000124 -0.104871 0.994486 0.000000 -0.000000
1762787839.229532 -0.020176 0.016328 -0.000107 -0.104683 0.994506 0.000000 -0.000000
1762787839.409623 -0.018625 0.002175 -0.000118 -0.105282 0.994442 0.000000 -0.000000
1762787839.589498 -0.019108 0.017844 -0.000054 -0.105250 0.994446 0.000000 -0.000000
1762787839.779873 -0.004893 0.008203 0.000019 -0.119582 0.992824 0.000000 -0.000000
1762787839.979973 -0.020337 -0.010791 0.000934 -0.161780 0.986826 0.000000 -0.000000
1762787840.149668 -0.011797 0.006820 0.001512 -0.210999 0.977485 0.000000 -0.000000
1762787840.319357 -0.010777 -0.003954 0.000707 -0.247002 0.969015 0.000000 0.000000
1762787840.489385 -0.049620 -0.000186 0.000628 -0.268061 0.963402 0.000000 0.000000
1762787840.659473 -0.041500 -0.013698 0.000573 -0.281621 0.959525 0.000000 0.000000
1762787840.819243 -0.030804 -0.010171 0.000725 -0.299951 0.953954 0.000000 0.000000
1762787841.009471 -0.024785 -0.016030 0.000775 -0.327585 0.944821 0.000000 0.000000
1762787841.179200 -0.014034 -0.001106 0.000876 -0.366832 0.930287 0.000000 0.000000
1762787841.389217 -0.020151 -0.007045 0.000721 -0.393917 0.919146 0.000000 0.000000
1762787841.579558 -0.040652 -0.003558 0.000625 -0.411501 0.911409 0.000000 0.000000
1762787841.750438 -0.037525 -0.000083 0.000579 -0.433886 0.900968 0.000000 0.000000
1762787841.919273 -0.016088 -0.024130 0.000311 -0.458067 0.888917 0.000000 0.000000
1762787842.089177 -0.036514 -0.013692 0.000275 -0.487151 0.873317 0.000000 0.000000
1762787842.269499 -0.025674 0.001380 0.000241 -0.527865 0.849328 0.000000 0.000000
1762787842.441322 -0.018737 -0.000085 0.000746 -0.564388 0.825509 0.000000 0.000000
1762787842.629294 -0.026919 0.011868 0.000436 -0.600229 0.799827 0.000000 0.000000
1762787842.809468 -0.026794 -0.002981 0.001049 -0.637211 0.770689 0.000000 0.000000
1762787842.979400 -0.040244 -0.000905 0.000822 -0.657805 0.753188 0.000000 0.000000
1762787843.151112 -0.026321 -0.012110 0.000984 -0.659646 0.751576 0.000000 0.000000
1762787843.329602 -0.026655 -0.000060 0.000917 -0.661834 0.749650 0.000000 0.000000
1762787843.509735 -0.038889 -0.010487 0.001011 -0.672967 0.739672 0.000000 0.000000
1762787843.690031 -0.021651 -0.002166 0.001047 -0.703020 0.711170 0.000000 0.000000
1762787843.859490 -0.029247 0.006327 0.000973 -0.723822 0.689986 0.000000 0.000000
1762787844.039807 -0.019501 0.002951 0.000793 -0.739375 0.673293 0.000000 0.000000
1762787844.209194 -0.032869 0.000317 0.000826 -0.751984 0.659180 0.000000 0.000000
1762787844.389513 -0.024377 -0.000616 0.000702 -0.768529 0.639814 0.000000 0.000000
1762787844.559687 -0.038631 0.007591 0.000704 -0.791693 0.610919 0.000000 0.000000
1762787844.728955 -0.046236 -0.013319 0.000654 -0.818352 0.574717 0.000000 0.000000
1762787844.909710 -0.024783 0.020360 0.000599 -0.842374 0.538892 0.000000 -0.000000
1762787845.089497 -0.044115 0.004894 0.000511 -0.863697 0.504009 0.000000 -0.000000
1762787845.269284 -0.032668 0.002167 0.000407 -0.888250 0.459358 0.000000 -0.000000
1762787845.449517 -0.023255 -0.005357 0.000296 -0.905067 0.425267 0.000000 -0.000000
1762787845.629513 -0.042165 0.004876 0.000363 -0.920291 0.391232 0.000000 -0.000000
1762787845.789467 -0.035522 -0.014016 0.000316 -0.937487 0.348018 0.000000 -0.000000
1762787845.969617 -0.017770 0.000833 0.000239 -0.952769 0.303693 0.000000 -0.000000
1762787846.139566 -0.035019 -0.003749 0.000153 -0.965559 0.260178 0.000000 -0.000000
1762787846.329338 -0.029643 -0.005793 0.000108 -0.976297 0.216429 0.000000 -0.000000
1762787846.489605 -0.036626 0.010299 0.000045 -0.985290 0.170881 0.000000 -0.000000
1762787846.659376 -0.033145 -0.002026 -0.000038 -0.991851 0.127388 0.000000 -0.000000
1762787846.829705 -0.033620 -0.008969 -0.000038 -0.996672 0.081495 0.000000 -0.000000
1762787846.999360 -0.009841 0.000127 -0.000039 -0.998969 0.045367 0.000000 -0.000000
1762787847.169541 -0.039661 -0.003127 -0.000118 -0.999897 0.014256 0.000000 -0.000000
1762787847.349419 -0.028545 -0.006967 -0.000059 -0.999860 -0.016666 0.000000 -0.000000
1762787847.531696 -0.018759 -0.000337 -0.000098 -0.998895 -0.046961 0.000000 -0.000000
1762787847.709558 -0.036647 0.000048 -0.000182 -0.997401 -0.072027 0.000000 -0.000000
1762787847.879342 -0.027474 -0.011924 -0.000320 -0.995919 -0.090228 0.000000 -0.000000
1762787848.039745 -0.036568 -0.011179 -0.000360 -0.995081 -0.099038 0.000000 -0.000000
1762787848.219430 -0.025446 0.017356 -0.000260 -0.993502 -0.113791 0.000000 -0.000000
1762787848.389741 -0.028052 0.010426 -0.000355 -0.991506 -0.130037 0.000000 -0.000000
1762787848.559630 -0.008796 0.008218 -0.000289 -0.989007 -0.147856 0.000000 -0.000000
1762787848.739346 -0.022882 -0.004282 -0.000387 -0.986865 -0.161528 0.000000 -0.000000
1762787848.919514 -0.004987 -0.009336 -0.000280 -0.984994 -0.172575 0.000000 -0.000000
1762787849.089513 -0.022425 -0.007782 -0.000284 -0.984219 -0.176940 0.000000 -0.000000
1762787849.249464 -0.029649 -0.008845 -0.000401 -0.982875 -0.184258 0.000000 -0.000000
1762787849.429698 -0.025347 -0.011967 -0.000453 -0.979202 -0.202869 0.000000 -0.000000
1762787849.619658 -0.017069 -0.006497 -0.000534 -0.978073 -0.208248 0.000000 0.000000
1762787849.789697 -0.024498 0.016796 -0.000569 -0.975614 -0.219472 0.000000 0.000000
1762787849.960142 -0.038671 0.009491 -0.000596 -0.972455 -0.233073 0.000000 0.000000
1762787850.149594 -0.003160 -0.007818 -0.000659 -0.970910 -0.239426 0.000000 0.000000
1762787850.329443 -0.019416 -0.015956 -0.000646 -0.968980 -0.247121 0.000000 0.000000
1762787850.499330 -0.007872 -0.001822 -0.000638 -0.968172 -0.250268 0.000000 0.000000
1762787850.669621 -0.027544 -0.012171 -0.000628 -0.967601 -0.252466 0.000000 0.000000
1762787850.829490 -0.025377 -0.000721 -0.000640 -0.965493 -0.260410 0.000000 0.000000
1762787850.999312 -0.008410 0.009022 -0.000605 -0.965168 -0.261612 0.000000 0.000000
1762787851.169518 -0.045464 -0.004459 -0.000600 -0.963217 -0.268708 0.000000 0.000000
1762787851.349357 -0.029296 0.014899 -0.000555 -0.962217 -0.272266 0.000000 0.000000
1762787851.509470 -0.021254 0.000890 -0.000567 -0.961835 -0.273612 0.000000 0.000000
1762787851.679544 -0.031673 -0.002094 -0.000584 -0.961756 -0.273889 0.000000 0.000000
1762787851.849337 -0.012230 -0.008970 -0.000619 -0.959423 -0.281956 0.000000 0.000000
1762787852.029402 -0.026114 -0.033794 -0.000595 -0.958802 -0.284061 0.000000 0.000000
1762787852.199487 -0.032860 0.009866 -0.000606 -0.958826 -0.283978 0.000000 0.000000
1762787852.359607 -0.006806 -0.012530 -0.000476 -0.959341 -0.282235 0.000000 0.000000
1762787852.529433 -0.018243 -0.006899 -0.000534 -0.958571 -0.284839 0.000000 0.000000
1762787852.729849 -0.046519 0.001198 -0.000537 -0.957981 -0.286818 0.000000 0.000000
1762787852.889316 -0.018868 -0.000628 -0.000520 -0.958414 -0.285367 0.000000 0.000000
1762787853.059521 -0.007804 -0.006418 -0.000571 -0.957465 -0.288536 0.000000 0.000000
1762787853.229927 -0.017085 0.003158 -0.000495 -0.957283 -0.289140 0.000000 0.000000
1762787853.399553 -0.011681 -0.010217 -0.000592 -0.956885 -0.290456 0.000000 0.000000
1762787853.579587 -0.018097 -0.008586 -0.000576 -0.956580 -0.291458 0.000000 0.000000
1762787853.749459 -0.013977 -0.005657 -0.000671 -0.956753 -0.290890 0.000000 0.000000
1762787853.929660 -0.037505 -0.008612 -0.000596 -0.956333 -0.292268 0.000000 0.000000
1762787854.099561 -0.017413 -0.010071 -0.000662 -0.955697 -0.294342 0.000000 0.000000
1762787854.269363 -0.023890 0.001181 -0.000654 -0.955287 -0.295669 0.000000 0.000000
1762787854.439617 -0.020678 -0.015417 -0.000571 -0.954639 -0.297755 0.000000 0.000000
1762787854.609502 -0.032428 -0.007791 -0.000549 -0.955115 -0.296225 0.000000 0.000000
1762787854.779598 -0.027747 -0.003527 -0.000577 -0.954661 -0.297687 0.000000 0.000000
1762787854.949738 -0.027437 0.018594 -0.000534 -0.954183 -0.299216 0.000000 0.000000
1762787855.129610 -0.025089 -0.003239 -0.000600 -0.954045 -0.299654 0.000000 0.000000
1762787855.299478 -0.018537 -0.013219 -0.000622 -0.953120 -0.302586 0.000000 0.000000
1762787855.459596 -0.037874 -0.001027 -0.000591 -0.953197 -0.302342 0.000000 0.000000
1762787855.639988 -0.012719 -0.004571 -0.000599 -0.953159 -0.302462 0.000000 0.000000
1762787855.829550 -0.012538 -0.013264 -0.000634 -0.953148 -0.302499 0.000000 0.000000
1762787855.999373 -0.024054 0.004978 -0.000618 -0.952736 -0.303792 0.000000 0.000000
1762787856.169896 -0.022382 0.011900 -0.000656 -0.952082 -0.305836 0.000000 0.000000
1762787856.339564 -0.015749 0.005892 -0.000653 -0.952492 -0.304557 0.000000 0.000000
1762787856.509305 -0.026593 0.012923 -0.000589 -0.952591 -0.304249 0.000000 0.000000
1762787856.689671 -0.035027 -0.010224 -0.000715 -0.951873 -0.306486 0.000000 0.000000
1762787856.869273 -0.030177 -0.004862 -0.000652 -0.951889 -0.306437 0.000000 0.000000
1762787857.039329 -0.019619 0.006058 -0.000699 -0.952362 -0.304965 0.000000 0.000000
1762787857.209520 -0.022628 0.000989 -0.000725 -0.952545 -0.304392 0.000000 0.000000
1762787857.389808 -0.010061 -0.010303 -0.000831 -0.953019 -0.302905 0.000000 0.000000
1762787857.570556 -0.018236 -0.008234 -0.000814 -0.952830 -0.303501 0.000000 0.000000
1762787857.759220 -0.023684 -0.016293 -0.000850 -0.952898 -0.303285 0.000000 0.000000
1762787857.929480 -0.032310 -0.002623 -0.000706 -0.952115 -0.305736 0.000000 0.000000
1762787858.099247 -0.032476 -0.003498 -0.000753 -0.952323 -0.305088 0.000000 0.000000
1762787858.279490 -0.019781 -0.007671 -0.000709 -0.951441 -0.307829 0.000000 0.000000
1762787858.459399 -0.005679 -0.003817 -0.000706 -0.951224 -0.308498 0.000000 0.000000
1762787858.619391 -0.026492 -0.004879 -0.000763 -0.951932 -0.306306 0.000000 0.000000
1762787858.799538 -0.016136 -0.000023 -0.000737 -0.951102 -0.308874 0.000000 0.000000
1762787858.979349 -0.023919 -0.006697 -0.000808 -0.950282 -0.311388 0.000000 0.000000
1762787859.170191 -0.009986 0.005995 -0.000886 -0.950992 -0.309214 0.000000 0.000000
1762787859.359399 -0.006197 0.002494 -0.000892 -0.950715 -0.310065 0.000000 0.000000
1762787859.529377 -0.018541 -0.012718 -0.000997 -0.950180 -0.311699 0.000000 0.000000
1762787859.699410 -0.018828 0.001229 -0.001074 -0.949424 -0.313994 0.000000 0.000000
1762787859.869494 -0.026307 0.007155 -0.001101 -0.948822 -0.315809 0.000000 0.000000
1762787860.039021 -0.012872 0.004567 -0.001174 -0.948654 -0.316314 0.000000 0.000000
1762787860.219474 -0.022091 0.003051 -0.001215 -0.948298 -0.317379 0.000000 0.000000
1762787860.399715 -0.028687 0.005655 -0.001156 -0.948526 -0.316696 0.000000 0.000000
1762787860.569464 -0.035726 -0.010198 -0.001194 -0.948904 -0.315561 0.000000 0.000000
1762787860.739540 -0.025663 0.001604 -0.001226 -0.948444 -0.316941 0.000000 0.000000
1762787860.899222 -0.041365 -0.002092 -0.001242 -0.949245 -0.314536 0.000000 0.000000
1762787861.079254 -0.012961 0.000803 -0.001241 -0.949864 -0.312661 0.000000 0.000000
1762787861.269442 -0.038628 -0.012739 -0.001314 -0.949620 -0.313401 0.000000 0.000000
1762787861.439351 -0.038099 0.005252 -0.001335 -0.949587 -0.313501 0.000000 0.000000
1762787861.619475 -0.028738 -0.017527 -0.001282 -0.948742 -0.316050 0.000000 0.000000
1762787861.799517 -0.016195 -0.002933 -0.001297 -0.948570 -0.316564 0.000000 0.000000
1762787861.970159 -0.007586 -0.026593 -0.001304 -0.948738 -0.316061 0.000000 0.000000
1762787862.149278 -0.029413 0.007800 -0.001288 -0.949688 -0.313194 0.000000 0.000000
1762787862.319603 -0.029494 0.001424 -0.001335 -0.949622 -0.313395 0.000000 0.000000
1762787862.499551 -0.023530 0.012449 -0.001388 -0.949762 -0.312971 0.000000 0.000000
1762787862.659467 -0.025570 0.007920 -0.001433 -0.949687 -0.313196 0.000000 0.000000
1762787862.839844 -0.034215 -0.005244 -0.001459 -0.949657 -0.313287 0.000000 0.000000
1762787863.019651 -0.026917 0.001228 -0.001467 -0.948675 -0.316250 0.000000 0.000000
1762787863.199586 -0.030878 0.004359 -0.001443 -0.948783 -0.315925 0.000000 0.000000
1762787863.369442 -0.017085 0.001331 -0.001492 -0.948837 -0.315764 0.000000 0.000000
1762787863.550243 -0.024882 0.007086 -0.001516 -0.948573 -0.316556 0.000000 0.000000
1762787863.739569 -0.026823 -0.003455 -0.001583 -0.949031 -0.315178 0.000000 0.000000
1762787863.909729 -0.019999 0.016160 -0.001601 -0.949468 -0.313858 0.000000 0.000000
1762787864.099553 -0.022234 -0.014155 -0.001643 -0.949539 -0.313645 0.000000 0.000000
1762787864.269836 -0.019151 -0.007114 -0.001671 -0.949597 -0.313466 0.000000 0.000000
1762787864.449554 -0.041252 0.002539 -0.001676 -0.949575 -0.313535 0.000000 0.000000
1762787864.609257 -0.032354 0.008675 -0.001681 -0.949289 -0.314399 0.000000 0.000000
1762787864.779643 -0.023091 -0.015939 -0.001665 -0.949660 -0.313277 0.000000 0.000000
1762787864.959489 -0.022129 0.018849 -0.001670 -0.949298 -0.314371 0.000000 0.000000
1762787865.129505 -0.030808 0.012323 -0.001639 -0.949852 -0.312695 0.000000 0.000000
1762787865.299376 -0.032881 0.008495 -0.001613 -0.949456 -0.313895 0.000000 0.000000
1762787865.469636 -0.036573 0.004897 -0.001594 -0.950272 -0.311416 0.000000 0.000000
1762787865.629357 -0.033442 0.004390 -0.001593 -0.949701 -0.313152 0.000000 0.000000
1762787865.819577 -0.018720 0.000926 -0.001614 -0.949439 -0.313944 0.000000 0.000000
1762787866.010071 -0.025023 -0.019368 -0.001626 -0.949167 -0.314768 0.000000 0.000000
1762787866.189350 -0.013236 -0.009846 -0.001678 -0.948788 -0.315908 0.000000 0.000000
1762787866.391140 -0.049702 0.003793 -0.001748 -0.948959 -0.315391 0.000000 0.000000
1762787866.559892 -0.012449 -0.000882 -0.001807 -0.948912 -0.315533 0.000000 0.000000
1762787866.749865 -0.022141 0.007838 -0.001807 -0.948859 -0.315691 0.000000 0.000000
1762787866.909539 -0.033319 0.000487 -0.001827 -0.948539 -0.316649 0.000000 0.000000
1762787867.079625 -0.023669 0.009337 -0.001863 -0.947831 -0.318764 0.000000 0.000000
1762787867.239541 -0.019645 -0.008911 -0.001906 -0.948254 -0.317501 0.000000 0.000000
1762787867.409486 -0.021651 -0.008458 -0.001927 -0.948564 -0.316574 0.000000 0.000000
1762787867.579408 -0.023442 -0.007782 -0.002003 -0.948073 -0.318042 0.000000 0.000000
1762787867.749399 -0.023297 0.025336 -0.001997 -0.948101 -0.317956 0.000000 0.000000
1762787867.919641 -0.019607 -0.000251 -0.001966 -0.948106 -0.317943 0.000000 0.000000
1762787868.089560 -0.024493 -0.002345 -0.002007 -0.947881 -0.318612 0.000000 0.000000
1762787868.260286 -0.029019 0.011299 -0.001974 -0.947939 -0.318439 0.000000 0.000000
1762787868.429531 -0.032844 -0.004363 -0.001979 -0.947889 -0.318587 0.000000 0.000000
1762787868.599628 -0.024149 -0.011105 -0.001952 -0.947408 -0.320017 0.000000 0.000000
1762787868.779567 -0.023065 -0.009256 -0.001983 -0.946775 -0.321883 0.000000 0.000000
1762787868.949726 -0.025878 -0.008548 -0.001966 -0.946350 -0.323131 0.000000 0.000000
1762787869.119509 -0.027113 0.008020 -0.002014 -0.946231 -0.323479 0.000000 0.000000
1762787869.289470 -0.014560 0.006487 -0.002013 -0.945121 -0.326707 0.000000 0.000000
1762787869.469603 -0.040469 -0.000074 -0.002022 -0.945113 -0.326731 0.000000 0.000000
1762787869.630119 -0.025027 -0.002724 -0.002038 -0.944962 -0.327168 0.000000 0.000000
1762787869.809693 -0.043267 0.009783 -0.002004 -0.943933 -0.330123 0.000000 0.000000
1762787869.989575 -0.033949 -0.014024 -0.001986 -0.943461 -0.331471 0.000000 0.000000
1762787870.179366 -0.039307 0.016681 -0.001984 -0.943766 -0.330600 0.000000 0.000000
1762787870.349600 -0.018377 0.003632 -0.001982 -0.943777 -0.330569 0.000000 0.000000
1762787870.531740 -0.049541 0.016067 -0.001952 -0.943582 -0.331127 0.000000 0.000000
1762787870.719285 -0.027631 -0.012013 -0.001966 -0.943838 -0.330397 0.000000 0.000000
1762787870.889768 -0.030749 -0.009757 -0.001975 -0.943743 -0.330666 0.000000 0.000000
1762787871.059595 -0.033630 -0.021614 -0.001984 -0.943669 -0.330877 0.000000 0.000000
1762787871.239691 -0.033929 0.016839 -0.001977 -0.943617 -0.331026 0.000000 0.000000
1762787871.419401 -0.021234 0.009608 -0.001969 -0.943365 -0.331742 0.000000 0.000000
1762787871.601310 -0.040764 0.001885 -0.001978 -0.943576 -0.331142 0.000000 0.000000
1762787871.799854 -0.052327 0.008080 -0.001974 -0.943690 -0.330817 0.000000 0.000000
1762787871.969578 -0.033850 -0.027626 -0.001972 -0.943785 -0.330548 0.000000 0.000000
1762787872.179786 -0.037696 0.015918 -0.001961 -0.943647 -0.330941 0.000000 0.000000
1762787872.369632 -0.024835 -0.005064 -0.001971 -0.943894 -0.330236 0.000000 0.000000
1762787872.559847 -0.026823 -0.004992 -0.001981 -0.943804 -0.330492 0.000000 0.000000
1762787872.729291 -0.033343 0.010168 -0.001970 -0.943835 -0.330404 0.000000 0.000000
1762787872.899557 -0.038786 0.002406 -0.001983 -0.943853 -0.330351 0.000000 0.000000
1762787873.079640 -0.048128 -0.004197 -0.002005 -0.944137 -0.329539 0.000000 0.000000
1762787873.259660 -0.030431 0.004065 -0.001968 -0.943706 -0.330773 0.000000 0.000000
1762787873.459533 -0.029560 0.005035 -0.001983 -0.943936 -0.330114 0.000000 0.000000
1762787873.649622 -0.038097 0.011912 -0.001970 -0.943945 -0.330091 0.000000 0.000000
1762787873.839281 -0.040881 -0.010902 -0.001985 -0.943857 -0.330341 0.000000 0.000000
1762787873.999475 -0.025575 0.001872 -0.001984 -0.943799 -0.330506 0.000000 0.000000
1762787874.179653 -0.020661 -0.005347 -0.002006 -0.943898 -0.330225 0.000000 0.000000
1762787874.350169 -0.033140 -0.003369 -0.002010 -0.943849 -0.330364 0.000000 0.000000
1762787874.519599 -0.025657 0.016051 -0.001992 -0.943997 -0.329941 0.000000 0.000000
1762787874.679496 -0.020296 0.000438 -0.001985 -0.943860 -0.330331 0.000000 0.000000
